80 80
 80 160

 80 160
 160 240

 160 80
 240 80

 240 1
 320 160

 240 240
 320 240

 560 1
 560 80

 400 80
 720 80

 560 160
 720 240

 720 240
 720 320

 400 160
 480 240

 400 240
 400 400

 240 320
 400 320

 400 400
 320 400

 240 320
 240 400

 80 400
 240 480

 320 400
 320 559

 1 320
 160 320

 480 320
 640 400

 640 400
 799 400

 400 480
 720 480

 WillLocation
 330 330

 PlayerLocation
 410 410

 TrapLocation
 267 165
 292 235

 TrapLocation
 425 484
 450 556

 TrapLocation
 725 173
 796 196