80 80
 80 160

 80 160
 160 240

 160 1
 320 80

 240 80
 320 160

 80 320
 80 400

 160 320
 240 320

 240 240
 400 320

 240 320
 240 480

 80 480
 240 480

 160 400
 160 480

 400 80
 560 160

 480 160
 480 400

 560 320
 720 400

 560 240
 560 320

 320 400
 560 400

 320 400
 320 480

 320 480
 480 559

 560 480
 720 480

 640 1
 640 80

 720 80
 720 160

 640 160
 720 240

 PlayerLocation
 570 90

 EnemyLocation
 target
 490 410
 target
 730 410
 target
 730 490
 target
 490 490

 WillLocation
 170 410