80 80
 160 80

 80 80
 80 320

 80 320
 160 320

 160 240
 160 320

 160 160
 240 240

 240 1
 320 80

 320 80
 400 80

 480 80
 560 80

 560 80
 560 160

 640 80
 720 160

 720 240
 720 320

 720 240
 799 240

 720 400
 799 559

 320 480
 480 559

 160 480
 160 559

 80 400
 80 480

 80 400
 240 400

 240 400
 240 480

 240 320
 320 400

 320 160
 480 320

 480 320
 480 400

 400 400
 560 400

 560 320
 560 480

 560 480
 640 480

 640 240
 640 480

 560 240
 640 240

 TrapLocation
 80 1
 160 70

 TrapLocation
 640 1
 720 80

 TrapLocation
 560 320
 640 400

 EnemyLocation
 target
 730 10
 target
 730 170
 target
 490 170
 target
 490 90
 target
 410 90
 target
 410 10
 end

 EnemyLocation
 target
 10 330
 target
 170 330
 target
 170 250
 target
 250 250
 target
 250 90
 target
 170 90
 target
 170 10
 target
 10 10
 end

 PlayerLocation
 90 250

 WillLocation
 410 330