240 480
 320 559

 80 480
 160 480

 160 480
 160 400

 160 320
 240 400

 240 400
 400 400

 1 320
 80 400

 80 160
 160 240

 160 160
 160 80

 160 80
 240 80

 1 1
 80 80

 320 1
 400 160

 240 160
 320 160

 240 240
 480 240

 480 160
 480 240

 480 80
 560 80

 320 320
 480 320

 400 480
 480 480

 480 320
 560 480

 560 160
 560 320

 560 160
 720 160

 720 80
 720 160

 640 80
 720 80

 640 160
 640 400

 640 400
 799 559

 720 240
 720 320

 720 240
 799 240

 160 400
 160 480

 160 80
 160 160

 TrapLocation
 320 240
 400 320

 TrapLocation
 640 240
 720 320

 EnemyLocation
 target
 410 10
 target
 410 90
 target
 570 90
 target
 570 10
 end

 EnemyLocation
 target
 10 250
 target
 170 250
 target
 170 90
 target
 250 90
 target
 250 10
 target
 90 10
 target
 90 90
 target
 10 90
 end

 PlayerLocation
 90 490

 WillLocation
 570 170